been 1.0 0.0 0.0 0.0
half 1.0 0.0 0.0 0.0
Customer 1.0 0.0 0.0 0.0
leading 1.0 0.0 0.0 0.0
cambios 0.0 1.0 0.005128205128205128 0.0
staying 1.0 0.0 0.0 0.0
celebrando 0.0 1.0 0.005128205128205128 0.0
del 1.0 0.0 0.0 0.0
your 2.0 0.0 0.0 0.0
NOW! 1.0 0.0 0.0 0.0
appreciate 1.0 0.0 0.0 0.0
http://genesismining.acemlnc.com/lt.php?s=213d80565924272763cf2c64712a9c5b&i=165A238A1A95015 1.0 0.0 0.0 0.0
Parkway, 0.0 1.0 0.005128205128205128 0.0
you 3.0 0.0 0.0 0.0
Amphitheatre 0.0 1.0 0.005128205128205128 0.0
Róger 0.0 1.0 0.005128205128205128 0.0
Wanchai, 1.0 0.0 0.0 0.0
carefully 1.0 0.0 0.0 0.0
Unsubscribe: 1.0 0.0 0.0 0.0
paulobarrante@gmail.com 1.0 1.0 0.005128205128205128 0.0
& 1.0 0.0 0.0 0.0
investment 2.0 0.0 0.0 0.0
* 2.0 0.0 0.0 0.0
al 1.0 0.0 0.0 0.0
- 1.0 0.0 0.0 0.0
an 1.0 0.0 0.0 0.0
as 4.0 0.0 0.0 0.0
COMPROBAR 0.0 1.0 0.005128205128205128 0.0
<http://www.ucr.ac.cr> 1.0 0.0 0.0 0.0
enviamos 0.0 2.0 0.010256410256410256 0.0
9 1.0 0.0 0.0 0.0
day. 1.0 0.0 0.0 0.0
> 0.0 3.0 0.015384615384615385 0.0
acceder 0.0 1.0 0.005128205128205128 0.0
be 1.0 0.0 0.0 0.0
1000 0.0 1.0 0.005128205128205128 0.0
gracias. 0.0 1.0 0.005128205128205128 0.0
I 1.0 0.0 0.0 0.0
The 2.0 0.0 0.0 0.0
BITCOIN 1.0 0.0 0.0 0.0
At 1.0 0.0 0.0 0.0
Gloucester 1.0 0.0 0.0 0.0
Road, 1.0 0.0 0.0 0.0
improvements, 1.0 0.0 0.0 0.0
CA 0.0 1.0 0.005128205128205128 0.0
a 6.0 5.0 0.02564102564102564 0.0
ser 0.0 1.0 0.005128205128205128 0.0
set 1.0 0.0 0.0 0.0
bebé 0.0 1.0 0.005128205128205128 0.0
e 1.0 0.0 0.0 0.0
purposes. 1.0 0.0 0.0 0.0
right 1.0 0.0 0.0 0.0
possible 1.0 0.0 0.0 0.0
Century 1.0 0.0 0.0 0.0
todo 0.0 1.0 0.005128205128205128 0.0
the 9.0 0.0 0.0 0.0
http://genesismining.acemlnc.com/lt.php?s=213d80565924272763cf2c64712a9c5b&i=165A238A1A95021 1.0 0.0 0.0 0.0
http://genesismining.acemlnc.com/lt.php?s=213d80565924272763cf2c64712a9c5b&i=165A238A1A95022 1.0 0.0 0.0 0.0
sale 0.0 1.0 0.005128205128205128 0.0
component 1.0 0.0 0.0 0.0
http://genesismining.acemlnc.com/lt.php?s=213d80565924272763cf2c64712a9c5b&i=165A238A1A95023 1.0 0.0 0.0 0.0
http://genesismining.acemlnc.com/lt.php?s=213d80565924272763cf2c64712a9c5b&i=165A238A1A95024 1.0 0.0 0.0 0.0
http://genesismining.acemlnc.com/lt.php?s=213d80565924272763cf2c64712a9c5b&i=165A238A1A95025 1.0 0.0 0.0 0.0
http://genesismining.acemlnc.com/lt.php?s=213d80565924272763cf2c64712a9c5b&i=165A238A1A95026 1.0 0.0 0.0 0.0
y 1.0 4.0 0.020512820512820513 0.0
Your 1.0 0.0 0.0 0.0
under 1.0 0.0 0.0 0.0
de 7.0 11.0 0.05641025641025641 0.0
quantities 1.0 0.0 0.0 0.0
Chinachem 1.0 0.0 0.0 0.0
do 1.0 0.0 0.0 0.0
good 1.0 0.0 0.0 0.0
**Join 1.0 0.0 0.0 0.0
apenas 0.0 1.0 0.005128205128205128 0.0
$0.00028 1.0 0.0 0.0 0.0
2014-2017 1.0 0.0 0.0 0.0
dinero 0.0 1.0 0.005128205128205128 0.0
el 1.0 3.0 0.015384615384615385 0.0
en 1.0 2.0 0.010256410256410256 0.0
© 2.0 1.0 0.005128205128205128 0.0
niño 0.0 1.0 0.005128205128205128 0.0
check 1.0 0.0 0.0 0.0
es 0.0 2.0 0.010256410256410256 0.0
regarding 1.0 0.0 0.0 0.0
notificarte 0.0 1.0 0.005128205128205128 0.0
take 1.0 0.0 0.0 0.0
mines 1.0 0.0 0.0 0.0
pueden 0.0 1.0 0.005128205128205128 0.0
será 0.0 1.0 0.005128205128205128 0.0
There's 1.0 0.0 0.0 0.0
parts 1.0 0.0 0.0 0.0
helps 1.0 0.0 0.0 0.0
"Paulo 0.0 1.0 0.005128205128205128 0.0
batches! 1.0 0.0 0.0 0.0
cuota 0.0 1.0 0.005128205128205128 0.0
beginning 1.0 0.0 0.0 0.0
production 1.0 0.0 0.0 0.0
El 0.0 2.0 0.010256410256410256 0.0
for 3.0 0.0 0.0 0.0
En 0.0 1.0 0.005128205128205128 0.0
et:31 0.0 1.0 0.005128205128205128 0.0
early. 1.0 0.0 0.0 0.0
94043, 0.0 1.0 0.005128205128205128 0.0
ramping 1.0 0.0 0.0 0.0
getting 1.0 0.0 0.0 0.0
11:42 0.0 1.0 0.005128205128205128 0.0
Rica 2.0 0.0 0.0 0.0
tiene 0.0 1.0 0.005128205128205128 0.0
colones 0.0 1.0 0.005128205128205128 0.0
hard 2.0 0.0 0.0 0.0
Cindy. 0.0 1.0 0.005128205128205128 0.0
live 1.0 0.0 0.0 0.0
November 2.0 0.0 0.0 0.0
over 1.0 0.0 0.0 0.0
sold 2.0 0.0 0.0 0.0
GH 1.0 0.0 0.0 0.0
instalaciones 1.0 0.0 0.0 0.0
una 0.0 1.0 0.005128205128205128 0.0
considerations 1.0 0.0 0.0 0.0
with 4.0 0.0 0.0 0.0
environment 1.0 0.0 0.0 0.0
nuevo 0.0 2.0 0.010256410256410256 0.0
2017 1.0 2.0 0.010256410256410256 0.0
service 2.0 0.0 0.0 0.0
partir 1.0 0.0 0.0 0.0
Barrantes" 0.0 1.0 0.005128205128205128 0.0
hacía 0.0 1.0 0.005128205128205128 0.0
Saludos! 0.0 1.0 0.005128205128205128 0.0
START 1.0 0.0 0.0 0.0
Mac. 0.0 1.0 0.005128205128205128 0.0
fresh 1.0 0.0 0.0 0.0
Hola 0.0 1.0 0.005128205128205128 0.0
big 2.0 0.0 0.0 0.0
slightly 1.0 0.0 0.0 0.0
very 1.0 0.0 0.0 0.0
Hong 1.0 0.0 0.0 0.0
compañero 0.0 1.0 0.005128205128205128 0.0
2018! 1.0 0.0 0.0 0.0
Mining 5.0 0.0 0.0 0.0
Despite 1.0 0.0 0.0 0.0
Alguien 0.0 2.0 0.010256410256410256 0.0
join 1.0 0.0 0.0 0.0
per 2.0 0.0 0.0 0.0
if 1.0 0.0 0.0 0.0
there's 1.0 0.0 0.0 0.0
Google 0.0 2.0 0.010256410256410256 0.0
pre-sale 3.0 0.0 0.0 0.0
in 5.0 0.0 0.0 0.0
is 3.0 0.0 0.0 0.0
underlying 1.0 0.0 0.0 0.0
we've 2.0 0.0 0.0 0.0
https://www.youtube.com/watch?v=s81hQDAtvBE 0.0 1.0 0.005128205128205128 0.0
Pre-sale! 1.0 0.0 0.0 0.0
<paulobarrantes98@gmail.com> 0.0 1.0 0.005128205128205128 0.0
Administración 1.0 0.0 0.0 0.0
yours, 1.0 0.0 0.0 0.0
clients 1.0 0.0 0.0 0.0
Universidad 2.0 0.0 0.0 0.0
Edificio 1.0 0.0 0.0 0.0
B60930, 0.0 1.0 0.005128205128205128 0.0
sido 0.0 1.0 0.005128205128205128 0.0
era 0.0 1.0 0.005128205128205128 0.0
<http://genesismining.acemlnc.com/lt.php?s=213d80565924272763cf2c64712a9c5b&i=165A238A1A95030>. 1.0 0.0 0.0 0.0
have 1.0 0.0 0.0 0.0
can't 1.0 0.0 0.0 0.0
deployment 1.0 0.0 0.0 0.0
m. 1.0 0.0 0.0 0.0
USA 0.0 1.0 0.005128205128205128 0.0
may 1.0 0.0 0.0 0.0
noviembre* 1.0 0.0 0.0 0.0
<https://accounts.google.com/AccountChooser?Email=paulobarrante@gmail.com&continue=https://myaccount.google.com/new-device/nt/1510698886000?rfn%3D31%26rfnc%3D1%26eid%3D-4008288780706812058%26et%3D0%26asae%3D2> 0.0 2.0 0.010256410256410256 0.0
estará 0.0 1.0 0.005128205128205128 0.0
reminded 1.0 0.0 0.0 0.0
bocadillos. 0.0 1.0 0.005128205128205128 0.0
la 2.0 2.0 0.010256410256410256 0.0
**The 1.0 0.0 0.0 0.0
*Tel.* 1.0 0.0 0.0 0.0
report 1.0 0.0 0.0 0.0
le 0.0 1.0 0.005128205128205128 0.0
acaba 0.0 1.0 0.005128205128205128 0.0
lo 0.0 1.0 0.005128205128205128 0.0
Segwit2x 1.0 0.0 0.0 0.0
while 1.0 0.0 0.0 0.0
solicita 0.0 1.0 0.005128205128205128 0.0
tarea 0.0 1.0 0.005128205128205128 0.0
that 5.0 0.0 0.0 0.0
Paulo 0.0 1.0 0.005128205128205128 0.0
La 2.0 0.0 0.0 0.0
than 1.0 0.0 0.0 0.0
mi 0.0 1.0 0.005128205128205128 0.0
las 2.0 1.0 0.005128205128205128 0.0
-- 0.0 1.0 0.005128205128205128 0.0
all 1.0 0.0 0.0 0.0
1,000,000 1.0 0.0 0.0 0.0
new 2.0 0.0 0.0 0.0
revisarnos 0.0 1.0 0.005128205128205128 0.0
sabían, 0.0 1.0 0.005128205128205128 0.0
desde 0.0 1.0 0.005128205128205128 0.0
already 2.0 0.0 0.0 0.0
difficult 1.0 0.0 0.0 0.0
Ok, 0.0 1.0 0.005128205128205128 0.0
Josué, 0.0 1.0 0.005128205128205128 0.0
improve 1.0 0.0 0.0 0.0
we're 1.0 0.0 0.0 0.0
monthly 1.0 0.0 0.0 0.0
october 1.0 0.0 0.0 0.0
present 1.0 0.0 0.0 0.0
p. 1.0 0.0 0.0 0.0
since 1.0 0.0 0.0 0.0
no 0.0 1.0 0.005128205128205128 0.0
Barrantes 0.0 1.0 0.005128205128205128 0.0
best 1.0 0.0 0.0 0.0
contracts 1.0 0.0 0.0 0.0
PM, 0.0 1.0 0.005128205128205128 0.0
A,*el 1.0 0.0 0.0 0.0
<http://genesismining.acemlnc.com/lt.php?s=213d80565924272763cf2c64712a9c5b&i=165A238A1A95029> 1.0 0.0 0.0 0.0
and 6.0 0.0 0.0 0.0
of 9.0 0.0 0.0 0.0
working 1.0 0.0 0.0 0.0
prices 1.0 0.0 0.0 0.0
make 1.0 0.0 0.0 0.0
hear 1.0 0.0 0.0 0.0
on 1.0 0.0 0.0 0.0
Vicerrectoría 1.0 0.0 0.0 0.0
That 1.0 0.0 0.0 0.0
chance 0.0 2.0 0.010256410256410256 0.0
Bitcoin 2.0 0.0 0.0 0.0
tú. 0.0 1.0 0.005128205128205128 0.0
viernes 1.0 0.0 0.0 0.0
Costa 2.0 0.0 0.0 0.0
extraordinary 1.0 0.0 0.0 0.0
risks 1.0 0.0 0.0 0.0
due 2.0 0.0 0.0 0.0
maintenance 1.0 0.0 0.0 0.0
1:00 1.0 0.0 0.0 0.0
On 0.0 1.0 0.005128205128205128 0.0
http://genesismining.acemlnc.com/proc.php?nl=1&c=165&m=238&s=213d80565924272763cf2c64712a9c5b&act=unsub 1.0 0.0 0.0 0.0
Miners! 1.0 0.0 0.0 0.0
extremely 1.0 0.0 0.0 0.0
papá. 0.0 1.0 0.005128205128205128 0.0
correo 0.0 2.0 0.010256410256410256 0.0
les 0.0 1.0 0.005128205128205128 0.0
Félix 0.0 1.0 0.005128205128205128 0.0
Kong 1.0 0.0 0.0 0.0
Ltd., 1.0 0.0 0.0 0.0
10 1.0 0.0 0.0 0.0
16 0.0 1.0 0.005128205128205128 0.0
want 1.0 0.0 0.0 0.0
demand 1.0 0.0 0.0 0.0
servicios 0.0 1.0 0.005128205128205128 0.0
Por 0.0 2.0 0.010256410256410256 0.0
Sincerely 1.0 0.0 0.0 0.0
offering 1.0 0.0 0.0 0.0
asegurarnos 0.0 1.0 0.005128205128205128 0.0
compra 0.0 1.0 0.005128205128205128 0.0
components 1.0 0.0 0.0 0.0
now**! 1.0 0.0 0.0 0.0
Administrativo 1.0 0.0 0.0 0.0
13, 0.0 1.0 0.005128205128205128 0.0
acquire 1.0 0.0 0.0 0.0
cerradas.  1.0 0.0 0.0 0.0
se 0.0 5.0 0.02564102564102564 0.0
dispositivo 0.0 2.0 0.010256410256410256 0.0
are 3.0 0.0 0.0 0.0
si 0.0 4.0 0.020512820512820513 0.0
ACTIVIDAD 0.0 1.0 0.005128205128205128 0.0
Team 1.0 0.0 0.0 0.0
so 1.0 0.0 0.0 0.0
latest 1.0 0.0 0.0 0.0
think 1.0 0.0 0.0 0.0
su 1.0 0.0 0.0 0.0
noticed 1.0 0.0 0.0 0.0
people 1.0 0.0 0.0 0.0
open-ended 1.0 0.0 0.0 0.0
such 1.0 0.0 0.0 0.0
increasing 1.0 0.0 0.0 0.0
recepción 1.0 0.0 0.0 0.0
to 13.0 0.0 0.0 0.0
tu 0.0 3.0 0.015384615384615385 0.0
horario 1.0 0.0 0.0 0.0
available 1.0 0.0 0.0 0.0
had 1.0 0.0 0.0 0.0
Joaquín. 0.0 1.0 0.005128205128205128 0.0
Te 0.0 2.0 0.010256410256410256 0.0
entregar 0.0 1.0 0.005128205128205128 0.0
un 0.0 3.0 0.015384615384615385 0.0
huge 1.0 0.0 0.0 0.0
has 1.0 0.0 0.0 0.0
up 2.0 0.0 0.0 0.0
<http://www.odi.ucr.ac.cr> 1.0 0.0 0.0 0.0
significantly. 1.0 0.0 0.0 0.0
us 1.0 0.0 0.0 0.0
provider!** 1.0 0.0 0.0 0.0
last 1.0 0.0 0.0 0.0
batch 1.0 0.0 0.0 0.0
this 4.0 0.0 0.0 0.0
va 0.0 1.0 0.005128205128205128 0.0
Inc.,1600 0.0 1.0 0.005128205128205128 0.0
canastilla. 0.0 1.0 0.005128205128205128 0.0
Nov 0.0 1.0 0.005128205128205128 0.0
support 1.0 0.0 0.0 0.0
que 0.0 4.0 0.020512820512820513 0.0
next 1.0 0.0 0.0 0.0
Información. 1.0 0.0 0.0 0.0
doing 1.0 0.0 0.0 0.0
September 1.0 0.0 0.0 0.0
Buenas 0.0 1.0 0.005128205128205128 0.0
we 4.0 0.0 0.0 0.0
reviso! 0.0 1.0 0.005128205128205128 0.0
<http://genesismining.acemlnc.com/lt.php?s=213d80565924272763cf2c64712a9c5b&i=165A238A1A95020> 1.0 0.0 0.0 0.0
178 1.0 0.0 0.0 0.0
hicimos 0.0 1.0 0.005128205128205128 0.0
nos 0.0 1.0 0.005128205128205128 0.0
Mountain 0.0 1.0 0.005128205128205128 0.0
Informa 1.0 0.0 0.0 0.0
world's 1.0 0.0 0.0 0.0
2511-1213 1.0 0.0 0.0 0.0
news 2.0 0.0 0.0 0.0
start 1.0 0.0 0.0 0.0
possible, 1.0 0.0 0.0 0.0
View, 0.0 1.0 0.005128205128205128 0.0
what 1.0 0.0 0.0 0.0
té 0.0 1.0 0.005128205128205128 0.0
Debido 1.0 0.0 0.0 0.0
8. 0.0 1.0 0.005128205128205128 0.0
normal. 1.0 0.0 0.0 0.0
Every 1.0 0.0 0.0 0.0
time 2.0 0.0 0.0 0.0
Hey 1.0 0.0 0.0 0.0
pricing 2.0 0.0 0.0 0.0
trabajará 1.0 0.0 0.0 0.0
rent 2.0 0.0 0.0 0.0
31/F, 1.0 0.0 0.0 0.0
permanecerán 1.0 0.0 0.0 0.0
caso 0.0 1.0 0.005128205128205128 0.0
specifically 1.0 0.0 0.0 0.0
hardware 5.0 0.0 0.0 0.0
tenga 0.0 1.0 0.005128205128205128 0.0
work 1.0 0.0 0.0 0.0
_________________ 1.0 0.0 0.0 0.0
28th 1.0 0.0 0.0 0.0
tardes, 0.0 1.0 0.005128205128205128 0.0
hayas 0.0 1.0 0.005128205128205128 0.0
carnet 0.0 1.0 0.005128205128205128 0.0
demand. 1.0 0.0 0.0 0.0
asistir 0.0 1.0 0.005128205128205128 0.0
accedió 0.0 1.0 0.005128205128205128 0.0
our 6.0 0.0 0.0 0.0
electrónico 0.0 2.0 0.010256410256410256 0.0
out 1.0 0.0 0.0 0.0
lot 1.0 0.0 0.0 0.0
los 0.0 2.0 0.010256410256410256 0.0
llamará 0.0 1.0 0.005128205128205128 0.0
low 1.0 0.0 0.0 0.0
Ethereum 1.0 0.0 0.0 0.0
leap 1.0 0.0 0.0 0.0
coins! 1.0 0.0 0.0 0.0
Google. 0.0 1.0 0.005128205128205128 0.0
more 2.0 0.0 0.0 0.0
jueves 1.0 1.0 0.005128205128205128 0.0
bien, 0.0 1.0 0.005128205128205128 0.0
traslado 1.0 0.0 0.0 0.0
Clients 1.0 0.0 0.0 0.0
assess 1.0 0.0 0.0 0.0
Únicamente 1.0 0.0 0.0 0.0
first: 1.0 0.0 0.0 0.0
UCR 1.0 0.0 0.0 0.0
fee 1.0 0.0 0.0 0.0
informa: 1.0 0.0 0.0 0.0
Update 1.0 0.0 0.0 0.0
**Disclaimer:** 1.0 0.0 0.0 0.0
themselves. 1.0 0.0 0.0 0.0
We've 1.0 0.0 0.0 0.0
earned 1.0 0.0 0.0 0.0
only 2.0 0.0 0.0 0.0
Sent 1.0 0.0 0.0 0.0
noviembre 1.0 1.0 0.005128205128205128 0.0
ver 0.0 1.0 0.005128205128205128 0.0
you'll 1.0 0.0 0.0 0.0
it's 1.0 0.0 0.0 0.0
mining 3.0 0.0 0.0 0.0
este 0.0 2.0 0.010256410256410256 0.0
market 1.0 0.0 0.0 0.0
person 1.0 0.0 0.0 0.0
keep 2.0 0.0 0.0 0.0
who 1.0 0.0 0.0 0.0
acerca 0.0 1.0 0.005128205128205128 0.0
their 1.0 0.0 0.0 0.0
Tower, 1.0 0.0 0.0 0.0
plans****live 1.0 0.0 0.0 0.0
point 1.0 0.0 0.0 0.0
general 1.0 0.0 0.0 0.0
can 1.0 0.0 0.0 0.0
para 0.0 4.0 0.020512820512820513 0.0
corta 0.0 1.0 0.005128205128205128 0.0
hashpower 2.0 0.0 0.0 0.0
cuenta 0.0 3.0 0.015384615384615385 0.0
February 1.0 0.0 0.0 0.0
MINING 1.0 0.0 0.0 0.0
Divulgación 1.0 0.0 0.0 0.0
said, 1.0 0.0 0.0 0.0
manufacturers 1.0 0.0 0.0 0.0
oficinas 1.0 0.0 0.0 0.0
Service 1.0 0.0 0.0 0.0
also 1.0 0.0 0.0 0.0
poder 0.0 1.0 0.005128205128205128 0.0
increase 1.0 0.0 0.0 0.0
favor 0.0 1.0 0.005128205128205128 0.0
importantes 0.0 1.0 0.005128205128205128 0.0
glad 1.0 0.0 0.0 0.0
Genesis 4.0 0.0 0.0 0.0
Oficina 1.0 0.0 0.0 0.0
wrote: 0.0 1.0 0.005128205128205128 0.0
You 1.0 0.0 0.0 0.0
